297.95
298.108408828
298.07448513
298.051863004
298.029235812
298.017920316
297.978306095
298.012262093
298.046206681
298.051863004
298.091448402
298.05751901
298.0631747
298.085794294
298.085794294
298.085794294
298.091448402
298.068830073
298.08013987
298.0631747
298.046206681
298.040550041
298.097102193
298.085794294
298.091448402
298.068830073
298.08013987
298.051863004
298.136669884
298.147972095
298.125366409
298.142321147
298.147972095
298.176222098
298.159273043
298.136669884
298.159273043
298.170572729
298.153622727
298.136669884
298.136669884
298.131018304
298.147972095
298.170572729
298.215758855
298.170572729
298.221405702
298.204464215
298.198816422
298.198816422
298.221405702
298.198816422
298.181871152
298.198816422
298.198816422
298.176222098
298.176222098
298.210111692
298.210111692
298.227052234
298.238344353
298.232698451
298.24398994
298.232698451
298.232698451
298.227052234
298.249635212
298.227052234
298.232698451
298.24398994
298.24398994
298.221405702
298.260924812
298.24398994
298.210111692
298.210111692
298.227052234
298.26656914
298.26656914
298.28350276
298.294788586
298.272215676
298.238344353
298.227052234
298.227052234
298.221405702
298.260924812
298.227052234
298.249635212
298.24398994
298.26656914
298.238344353
298.221405702
298.221405702
298.193168314
298.215758855
298.227052234
