297.95
297.966715145
297.966715145
298.011275944
298.011275944
298.011275944
298.033549078
298.094775253
298.100339457
298.133718339
298.178206626
298.217118062
298.222675634
298.233789877
298.222675634
298.27823482
298.283789085
298.30045008
298.322660538
298.344866195
298.33931523
298.350416859
298.378165686
298.389263119
298.389263119
298.417001464
298.455822579
298.455822579
298.461367256
298.444732327
298.489086163
298.511255912
298.516797603
298.52788009
298.538961384
298.566659401
298.577736522
298.610960736
298.583274635
298.588812451
298.599887189
298.605424111
298.622033092
298.627568824
298.655243023
298.660776971
298.677377031
298.660776971
298.693974418
298.682909791
298.677377031
298.655243023
298.627568824
298.622033092
298.655243023
298.660776971
298.682909791
298.688442253
298.682909791
298.677377031
298.677377031
298.649708778
298.710569133
298.699506287
298.75480865
298.710569133
298.727161177
298.693974418
298.693974418
298.732691265
298.721630792
298.749279749
298.732691265
298.727161177
298.727161177
298.738221056
298.699506287
298.688442253
298.699506287
298.716100111
298.727161177
298.738221056
298.776921294
298.75480865
298.749279749
298.749279749
298.765865565
298.760337256
298.782448714
298.793502665
298.75480865
298.765865565
298.75480865
298.75480865
298.760337256
298.765865565
298.787975838
