297.95
297.975226136
298.037867682
298.060636746
298.145974839
298.191458897
298.231240589
298.265326673
298.310756842
298.395883227
298.378863702
298.384537196
298.441254584
298.497940088
298.548929824
298.599893813
298.656490316
298.69608901
298.775239884
298.814792098
298.826089891
298.910785676
298.972849079
298.989768866
299.01232419
299.079960069
299.130657396
299.226349974
299.28259763
299.248852774
299.316331284
299.383765023
299.411849222
299.394999633
299.501666596
299.473607181
299.496055331
299.563370099
299.574584902
299.580191841
299.597010805
299.641847809
299.703466501
299.720265138
299.748256719
299.737061008
299.737061008
299.804216852
299.832185415
299.85455475
299.893689299
299.938396144
299.938396144
299.955156169
299.977498594
300.016586091
300.022168799
300.022168799
300.05007777
300.061239226
300.09471629
300.08913754
300.128182403
300.128182403
300.183934953
300.167212376
300.234086305
300.228515145
300.239657162
300.267506904
300.323183691
300.317617373
300.261937561
300.245227716
300.284213116
300.245227716
300.33431542
300.30648383
300.33431542
300.339880832
300.328749707
300.356575253
300.356575253
300.378830256
300.417764894
300.440006626
300.40108043
300.406642219
300.40108043
300.406642219
300.417764894
300.445566306
300.467802014
300.440006626
300.389955946
300.434446645
300.406642219
