297.947639336226
297.966571362682
297.992497882797
298.009787486523
298.028728714616
298.047540783934
298.059366530415
298.077373662421
298.085187828525
298.112556881408
298.12653678311
298.143716422491
298.161960610572
298.165446957628
298.190027291054
298.200092765802
298.206222954534
298.222136638987
298.229673891035
298.25069072681
298.260921510481
298.281308697957
298.284259039445
298.301410753572
298.311518675843
298.316327540282
298.334482272149
298.339183265934
298.35085174008
298.351582155238
298.367555823779
298.367714726077
298.383822785979
298.388438949096
298.396755112083
298.408783877306
298.415894757087
298.44265435617
298.434857150633
298.441436827477
298.455656298609
298.454604557258
298.47710022874
298.479976617356
298.484517937657
298.491735031186
298.497029729286
298.505256419481
298.511860500462
298.523800971099
298.532588617716
298.538263236028
298.529334550819
298.550793440135
298.56580400022
298.560775932139
298.564820241895
298.574073223968
298.573531289868
298.593319139112
298.597875848241
298.600944289927
298.599979362486
298.608481463583
298.618544120838
298.615659661904
298.635367777935
298.625362221436
298.636809824378
298.64785287726
298.641298776819
298.658737269349
298.654929204025
298.669231129616
298.673838674156
298.68341890908
298.679123536374
298.686688510478
298.691259086232
298.702606696563
298.711697153047
298.713191558749
298.713798012134
298.719665701293
298.723886632297
298.726531688061
298.727615476344
298.731311171429
298.73710133011
298.737893731644
298.744824328403
298.741172829887
298.755173801679
298.764103368036
298.770300311151
298.777318576207
298.778761665346
