297.953522071313
297.941850100357
297.953859829171
297.959893417302
297.961267652695
297.969418408722
297.967671865653
297.969199338155
297.97198531434
297.973576168101
297.964489576185
297.976831747277
297.974340704027
297.98829952152
297.981857128846
297.990487190709
297.984559521502
297.987594240219
297.98551086064
297.994939469509
297.994344095518
298.001743814961
298.002434721221
297.999457865195
298.007208504699
298.0055846879
298.007328666161
297.996793360126
298.002307150103
298.013233883604
298.008246436394
298.000301422477
298.018507388598
298.017390018427
298.020679927698
298.019499805272
298.027159039934
298.023624350821
298.019859445036
298.021048483039
298.023050160901
298.011124692854
298.035985219623
298.037240626054
298.035156833909
298.038121127726
298.030599299789
298.02909091838
298.033028301174
298.040000822169
298.039729751905
298.034949979883
298.042323344308
298.035882571555
298.032387298377
298.033579754826
298.033514159194
298.045326077166
298.041327032638
298.040305144579
298.039554209321
298.040613772206
298.042055820457
298.049769106891
298.054258069111
298.045504580239
298.053108606201
298.052301249164
298.050166560774
298.049168322496
298.051452761519
298.048299427995
298.053741043514
298.052740653384
298.061095845019
298.053573007034
298.049591087386
298.053607178351
298.05469074501
298.050306131834
298.061133350195
298.058559568073
298.062376201357
298.06566710188
298.057331580389
298.060238800091
298.062949728974
298.06178264082
298.062528131636
298.064719969148
298.055640682218
298.064536398081
298.061332078767
298.067314738761
298.063244281091
298.065994720392
298.068119498792
