297.952771876536
297.973676879574
297.991525438937
298.008723355708
298.024845522647
298.047597843941
298.062899818493
298.079052524683
298.098076992878
298.106330242037
298.133785980309
298.14840410903
298.163849227196
298.174014115105
298.182384668163
298.196281285604
298.214152100377
298.22409636599
298.240581634888
298.254414229935
298.271442398821
298.269170846555
298.284394897561
298.297061597605
298.304043043982
298.312725831552
298.325032066191
298.337364963493
298.346517598291
298.355306904785
298.366745267156
298.368530929156
298.38637210609
298.386738314416
298.393818108661
298.415853580642
298.426468909196
298.423063109131
298.433757319348
298.453055721233
298.450705177181
298.459759201739
298.470045847348
298.488221361638
298.479347356405
298.493218004645
298.503791188612
298.50408666349
298.499661813758
298.530263636979
298.527322685206
298.53067171743
298.539884929304
298.541877770304
298.55399471888
298.564597995307
298.56863440728
298.580167100201
298.576240416249
298.58276532872
298.600945197745
298.598290881479
298.609206470581
298.609941414163
298.607485793754
298.62692061018
298.631130863088
298.630674401495
298.647849578533
298.643507028768
298.654422321927
298.648939764449
298.662668500662
298.661787871453
298.673021145955
298.669088352333
298.682253348025
298.69133831411
298.702716072917
298.696363616433
298.701982911128
298.709922883535
298.710360650055
298.720755413003
298.719113941747
298.726183258345
298.734250813613
298.728209339726
298.743845333634
298.744336113879
298.748716678195
298.746830080101
298.761738979073
298.752750859097
298.760367969159
298.773816433739
298.769910959768
