297.947704937329
298.022089100818
298.083159218169
298.143205225851
298.222551526799
298.264530918064
298.321282403364
298.372337001508
298.433383558484
298.472219183293
298.522214303526
298.561479306034
298.612869796367
298.660250165741
298.69696784555
298.746392140007
298.790697674115
298.831470534354
298.868654085424
298.895959991924
298.936379874109
298.974210608282
299.008574539942
299.042125863166
299.074533742855
299.104377073521
299.137421116566
299.161769278999
299.201802805446
299.231186008233
299.267146508657
299.28589126519
299.319273990153
299.342502688979
299.367691338319
299.396616141882
299.422905042187
299.461449936415
299.474819154615
299.501102772068
299.527949374386
299.55937946424
299.58185666748
299.604393000825
299.628158270006
299.646140154356
299.674926182002
299.682016536661
299.722352028554
299.73723225445
299.761766214527
299.773587820687
299.805837699158
299.821049277421
299.839298468053
299.854607601973
299.890522638073
299.908674341938
299.923899937312
299.931218387692
299.967645282354
299.974340981838
300.000183675603
300.015385399995
300.033161964119
300.058791345275
300.074262045297
300.088585387065
300.103179101607
300.123928361276
300.133062966491
300.153725644517
300.162338028069
300.190792157262
300.20584842573
300.217382939582
300.24215629508
300.251100229962
300.281053574784
300.279561924226
300.298340251833
300.308300464136
300.321601073868
300.341112001932
300.35813257159
300.370265984333
300.377034149832
300.396912889624
300.409570758253
300.421463838023
300.437108748748
300.453580280263
300.474693506083
300.481368059429
300.492831036242
300.506849744611
300.519657467917
